0 1
1 0
1 2
2 1
2 3
3 2
3 4
4 3
4 5
5 4
5 6
6 5
6 7
7 6
7 8
8 7
8 9
9 8
9 10
10 9
10 5
5 10
5 4
4 5
4 11
11 4
11 12
12 11
12 13
13 12
13 14
14 13
14 15
15 14
15 16
16 15
16 17
17 16
17 18
18 17
19 2
2 19
2 20
20 2
20 21
21 20
21 22
22 21
22 23
23 22
23 24
24 23
24 25
25 24
25 26
26 25
26 27
27 26
27 28
28 27
28 29
29 28
29 30
30 29
30 31
31 30
31 32
32 31
32 33
33 32
33 34
34 33
34 35
35 34
35 36
36 35
36 37
37 36
37 38
38 37
38 39
39 38
39 40
40 39
40 41
41 40
41 42
42 41
42 43
43 42
43 44
44 43
44 45
45 44
45 46
46 45
46 5
5 46
5 47
47 5
47 48
48 47
48 49
49 48
49 50
50 49
50 51
51 50
51 52
52 51
52 53
53 52
53 5
5 53
5 47
47 5
47 14
14 47
14 54
54 14
54 55
55 54
55 56
56 55
56 57
57 56
57 58
58 57
58 59
59 58
59 60
60 59
60 61
61 60
61 62
62 61
62 19
19 62
63 64
64 63
64 65
65 64
65 66
66 65
66 67
67 66
67 68
68 67
68 69
69 68
69 70
70 69
70 71
71 70
71 72
72 71
72 73
73 72
73 74
74 73
74 75
75 74
75 76
76 75
76 77
77 76
77 78
78 77
78 79
79 78
79 80
80 79
80 81
81 80
81 25
25 81
25 82
82 25
82 47
47 82
47 83
83 47
83 84
84 83
84 85
85 84
85 74
74 85
74 76
76 74
76 86
86 76
86 87
87 86
87 88
88 87
88 89
89 88
89 90
90 89
90 91
91 90
91 92
92 91
92 93
93 92
93 94
94 93
94 95
95 94
95 96
96 95
96 97
97 96
97 98
98 97
98 99
99 98
99 100
100 99
100 101
101 100
101 102
102 101
102 103
103 102
104 105
105 104
105 106
106 105
106 107
107 106
107 108
108 107
108 109
109 108
109 84
84 109
84 110
110 84
110 111
111 110
111 112
112 111
112 113
113 112
113 114
114 113
114 115
115 114
115 116
116 115
116 117
117 116
117 118
118 117
118 88
88 118
88 119
119 88
119 120
120 119
5 47
47 5
47 121
121 47
121 122
122 121
122 123
123 122
123 60
60 123
60 124
124 60
124 47
47 124
47 125
125 47
125 51
51 125
51 126
126 51
126 127
127 126
127 84
84 127
84 128
128 84
128 129
129 128
129 130
130 129
131 132
132 131
132 133
133 132
133 134
134 133
134 135
135 134
135 136
136 135
136 137
137 136
137 138
138 137
138 6
6 138
6 121
121 6
121 139
139 121
139 140
140 139
140 141
141 140
141 142
142 141
142 143
143 142
143 144
144 143
144 20
20 144
20 145
145 20
145 146
146 145
146 147
147 146
147 148
148 147
148 149
149 148
149 150
150 149
150 121
121 150
41 151
151 41
151 152
152 151
152 153
153 152
153 131
131 153
131 154
154 131
154 155
155 154
155 156
156 155
156 157
157 156
157 158
158 157
158 159
159 158
159 160
160 159
160 161
161 160
161 152
152 161
152 162
162 152
162 163
163 162
163 164
164 163
164 165
165 164
165 102
102 165
166 167
167 166
167 168
168 167
168 169
169 168
169 170
170 169
170 171
171 170
171 172
172 171
172 173
173 172
173 151
151 173
151 166
166 151
166 174
174 166
174 169
169 174
169 175
175 169
175 176
176 175
176 177
177 176
177 132
132 177
132 178
178 132
178 179
179 178
179 80
80 179
80 180
180 80
180 181
181 180
181 182
182 181
182 166
166 182
166 183
183 166
183 184
184 183
184 185
185 184
185 171
171 185
171 186
186 171
186 187
187 186
187 151
151 187
151 166
166 151
166 188
188 166
188 189
189 188
189 172
172 189
172 190
190 172
190 191
191 190
191 99
99 191
99 192
192 99
192 188
188 192
188 193
193 188
193 194
194 193
194 168
168 194
168 169
169 168
169 175
175 169
175 195
195 175
195 196
196 195
196 197
197 196
197 198
198 197
198 181
181 198
181 182
182 181
182 166
166 182
166 199
199 166
199 198
198 199
198 200
200 198
200 181
181 200
181 182
182 181
182 201
201 182
201 202
202 201
202 163
163 202
163 203
203 163
203 176
176 203
176 182
182 176
182 204
204 182
204 196
196 204
196 198
198 196
198 205
205 198
205 206
206 205
206 179
179 206
179 166
166 179
166 207
207 166
207 208
208 207
208 153
153 208
153 209
209 153
209 181
181 209
181 182
182 181
182 210
210 182
211 212
212 211
212 213
213 212
213 214
214 213
214 151
151 214
151 152
152 151
152 215
215 152
215 216
216 215
216 217
217 216
217 218
218 217
218 153
153 218
153 219
219 153
219 220
220 219
220 221
221 220
151 222
222 151
222 223
223 222
223 152
152 223
152 155
155 152
155 156
156 155
156 224
224 156
224 225
225 224
225 226
226 225
226 227
227 226
227 17
17 227
17 228
228 17
228 229
229 228
229 230
230 229
230 150
150 230
150 121
121 150
121 138
138 121
138 179
179 138
179 231
231 179
231 232
232 231
232 233
233 232
233 234
234 233
234 235
235 234
235 151
151 235
151 152
152 151
151 222
222 151
222 236
236 222
236 237
237 236
237 152
152 237
152 238
238 152
238 239
239 238
239 80
80 239
80 180
180 80
180 240
240 180
240 241
241 240
241 242
242 241
242 243
243 242
243 244
244 243
244 245
245 244
245 166
166 245
166 246
246 166
246 247
247 246
247 248
248 247
248 249
249 248
249 250
250 249
250 251
251 250
251 252
252 251
252 232
232 252
232 253
253 232
253 152
152 253
152 138
138 152
138 179
179 138
179 176
176 179
176 254
254 176
254 255
255 254
255 256
256 255
256 257
257 256
257 258
258 257
258 23
23 258
23 259
259 23
259 166
166 259
166 260
260 166
260 54
54 260
54 261
261 54
261 262
262 261
262 241
241 262
241 263
263 241
263 122
122 263
122 264
264 122
264 265
265 264
265 266
266 265
266 71
71 266
71 267
267 71
267 198
198 267
198 268
268 198
268 269
269 268
269 270
270 269
270 251
251 270
251 271
271 251
271 272
272 271
272 260
260 272
260 41
41 260
41 272
272 41
272 245
245 272
245 266
266 245
266 54
54 266
54 260
260 54
260 273
273 260
273 122
122 273
122 274
274 122
274 275
275 274
275 276
276 275
276 260
260 276
260 277
277 260
277 278
278 277
278 279
279 278
279 280
280 279
280 281
281 280
281 260
260 281
260 282
282 260
282 283
283 282
283 284
284 283
284 285
285 284
285 286
286 285
286 287
287 286
287 229
229 287
229 147
147 229
147 288
288 147
288 289
289 288
289 152
152 289
152 290
290 152
290 245
245 290
245 173
173 245
173 291
291 173
291 292
292 291
292 293
293 292
293 253
253 293
253 294
294 253
294 56
56 294
56 295
295 56
295 23
23 295
23 275
275 23
275 158
158 275
158 296
296 158
296 297
297 296
297 275
275 297
275 298
298 275
298 15
15 298
15 299
299 15
